$ANSIBLE_VAULT;1.1;AES256
39663131613164353634643465336463396632393164373635326430663031323838313038343966
6161646637366665613238323766343831633938363332300a646337656636303134653031306233
39323263623536313438376438613766313766373734323661383033633633366437663932316365
6261396363373462310a633731656366336666656135633139303363373338343330643966316234
62343531353131613838636234666238633130313330306235393336373638616166626435623865
64373132393639656130626338646232376238636663343063663730623638663132663436376238
33656333386432653863346538333639323462373837333964346465656139336361356464323436
39333737633462313531316439326264656537386263323466656564313966323530633130363031
35353238623631376239363138663861643862633063353066616463356238333263613139656131
31353432666565383335626465386437633337656136366333636465626433386138633031323339
62373732343736653565653931306232376233373330303339326433373530666263653231613661
32343330356562373031616563346631363063313737323439623632383634316264323366653465
62663961303133356463306564633532666263316264353764363935383339333466653966626232
34356130613235323065343465323431333430313035363234623463663131613066306639363264
35343132383030633933633539386230386165366533343064643664633261653634356633386630
39396365366561383035323865336435336137343562653132393161663632336334313064353136
62626566336565633266336463383731383963373135343761636161353335313836623339333765
37653734376434303532363034313363313532386337616664376464386438313535376537333333
62626263636134386334343536626333373137353930376335383232636439626537383938316331
65393438343861326636323066393034656164626663313537353838363863393331633262326562
33336364633638643534626431613962656439346363336165643936626562313564323562613431
66616333653061393065373935356261343639656137306566656664353563376636623039366364
34333833326237333565336233633235646339376331343433376331643430363232326534636630
35373861616439633335393365616365313434336561663466613166313965336162623262666239
34373834613966316231376138643639666137313964343635636339396264663165636166393565
35353532313963343230626638656265306333363037336138653033376530633036333336626133
38383330373666356233623930666361306464303465653835666264353931663330653530633263
61666561393334336132646239613539613363336231326539663037643239633037666630313532
66633638383137633135643361643137316563646265663964666238306265653265366637663731
38666664643864633562383839396338303335626437633761333239323563666130383633636462
35366131353639313131636237306566323663376365343431383363376265666332386637333935
30366135326530366163343961346662316165326335313634616333323932376164663862623839
32353761633334323865383234636638386163356337623331306533393132366463326337313934
61396631343837613436633565373732346133353633623438616164626434663065613632333033
32333830303135323439336566333332643666356130656630383339666131643634353563393363
31613434386534336437346334306533316433633235626232333762633638323738363261333931
36326537653335363166323738306136356363346135633832656261376636303763343535663762
37316232323234626666336665326566656439306662666366666231643930663033633163393935
61656533376632393362626165373733633037303637623434636536323262343033383139386631
61336333396639353766386164343734333934353664303862323664656366303134613465333536
61303931313536613137373262666533366266323661643234393336356265383432383263333663
62363630663761326536363132623563373165353237346465373864333061363339316635386134
34343463636361633864343661376166663331313062633731323766393238633637623138323332
65356663633636306463313830623066636637323535383265343366366439343237613032393736
33646462303661623561336138653439666434383466383436333034633139373238353238363736
34656630396564336439306637336566336438613939633035613765626334373930653862613266
63653638323833643464373836663266356566353764326331353335646532336261643538633730
34646162616364393633643461393634623039663932376666636435363135386534316337373939
66363534356532386134356235366466333934666663323933653033643533666263396639663435
35616237386630313164366337666631343634653163303661653662633136643037356366373738
32666566626532346530373732323838376539333532343164346362303131643165626534613165
66383432306331373465626261356430323163383064393338663533633938306638346134663137
34393931346663653237666131333232303366626330303535353066353363363130613039303535
38343739323233626333313132363433613832643339333463633162313934346666353136616634
32663835353532316466313963666131636263643465356233396464313132643833356638653664
33636137313438356430313031303665643261363334643238376162626132356239666136643633
32643037643064303839353136393232336161393139626337343663393938656638613732353466
63356262653836653233636535633836313461356332356331613030313336646138636538303236
35333265333036636663646139323961386163626534366532633830353235346436336431373662
65343165343838623832316261326662383561633962313764653231353830363535313661663836
65393038356230363734326135396332666463616431343465643630316231323863653564313139
65663766303064646566353234633831393761376530316265363634323339326662303362323837
61613264643735656136653739326662613431316239343465653265653939346237336561303135
61623864356637303730363565336663623939393733623736396533663730626433656438653334
63323265643437383138336434353933383162376161303764336237323931306335393935643839
32313630346132653038356463373339383734636631346135663539333238383163313439633661
36303832333030373364386264636634323166303035653263383033623664366233633634363031
34646334666361326565643963393132613132333732353365376665366432616265333633626237
37623162373362633136356134663933356139633064303165336637383939653837343862633832
62356537373935383264613761303437316266393565383735326336386366313237666233313661
61333736386436396638373733393465636234383763636463366537653437616364653631653036
32626337323339376230666139303333366566393634306432363662626132343235663936613831
37613139396261343833323337333732353932303838383336393436653230353835376663333266
63383261396631373431333661376234646430643330646134356461346133363339343532646435
33646331333162396537383537376462393732636435343661316532666336653435623262323337
32393265633261333062636634373065383963363966633832323839653131356632393865373164
38626134336336363539333037646137316638316131366338663339363233373639383066646137
65353930366639373039316435396432303133613035656533323734393336393766383033313362
35663764633864373133623466356531336164306662313834653262383365346463353633306463
38353537663738636534623432376466353930316230613766616333653737656237383562633131
66363365663264373931373539626266656534356537313365656332373136363937306133323531
64666265343430373530626534376434633965643864383564386533373132323939323935636437
35353063353139386564393139326231333265336635353137316363383333383864313263623064
33346366313662613331336431366665666238626434643964343537643133393134623361306461
62636366303837386330613836646130376234653338363537303338616162376239393033383762
33623038386534666333666436313466363933636538666234626337363139373766346165653766
34656438346663336166373233656330333534336136616335633662356362653466623834343437
65376166396334343934323866363239386565636137333439323239373364303762373733623861
64313461353638653339363235363965373337663466613762323637313530383462383639353066
62343533373334643363636438626465386637663139613166646366313933666539653931653132
38303865373238663561646532663365333635393337376565313634393234366566323038353832
65636163373334323835383864626630333633353164666635386161343162353939353766633631
30643131353534623333303136306231346336613836616330663262636665326532363331616462
62666230393234336634663636643932363432313463633963363133633862303663356632653663
35336465316464643236373962633065663963623430623032663537373434373463626239633861
34303065343936323839343836393737613837356263343265333461656534653764633465353836
31653231613433353363653230383263313333373663643164373462623363386139383031316461
36323232653066643333343661616232343066386635356462643638313232343736326365636134
64613666616361653434623564303430353533393037663537316635393136653062643331333634
33353031383465363964303763636261366666323163386535353862666337346665656533336636
61303065333165376131656131623931393439623162386364326265306161656335343131313030
62626433383334323338363639613539393061613866626438306665366464613064343039663462
63396537663037343239303031336133363166383262396365386335613463346161616366336134
65653562663933386366353538653933663834336430386661323266303164616162383464373033
63623063356433653265366437656536653730316165336364306333373764633939613238396133
39653335643336623763363535353862643634373561306635666232376261616634633166323034
34396566623262313161653835663763653463373035373664393235313338643631363138353265
64626630336438313765323932313332613932396138356531663366636439613662396630633636
30316339356238633438346665656162326136633565626533326437303536303562616638646566
37666630306132333961613131313666313538643736613136616536643961346234316563323938
34333032323339653466363063366265323062303833313064626433313236663535616136346336
61636138613635306264616138343837396535626139643335333138343737663066356563366262
64656564643633356530363663636461316433623665653933303630646462623035353464623232
65376364626432366261346439666130303262663237333633623633316465393739633266643465
37653830353465326237623034373463343037313930393964636234333764626630616465633962
64656161383434653338386635316630316435316463313666373261366466613236313062333533
65623235363637613865633237313936653063326338646631346538333863323164303231343431
35396465663036393333356462643830373162396261323932333866316338336162363966323939
61343762666530663465313431303064346366316662393064623930636437353630633461323236
65303362306334646664343837633138373962316565373463333633373162663336393432626539
35336530646230313462323666323439643231336464303236303936643566343764333563336161
39363138623036363366373365656230373630636561383664323037663435646337616633393663
37653237316161323961626163643563353530376562306237313638323261323036346237363534
30656530383835336236313665383066373834643632633735313164653634303563333532323130
65616136633438386637346635356237343862656535343363396562653532616163323038343839
37663363636165643135643533333435643231646233623965386338346262303530386136383135
61396263353330323639623835663366326437613461373366373335323435353033633635306137
32326161393037346566303237643662643439633662353562303664383365633939656230393438
39366230636237616562393631643765306336636364326439306432326534373634656439323436
61663637636338316665623532376236633263353665336637343633663166396362656665643038
64363730323765336539343039313735623533333331663230326437346536343533396463653530
39306530346332323536646234396264363436623138376566333562636239366562643239366539
39313532663438653762373635663930663732643561303461303565393432306536613037623033
61356562363938313335386163366462613162313138366237626664376163663831356166326361
33636336363438633339626432383335303637356635653737303633623034393363303131336662
33616437633038653237663866323630336166613030373833353365373231376430656233303866
62626138376530383563616539303766316636363830303937386439313932333437636435303234
38613761303033343462613864396238363862393638333764396635653435626166656131306531
64633037626635626133396430353436636139326266396533363437353730613463663338323530
66636463346563626166333461616264333833646162666262646331323566656437376537363232
34633361356132393762666135383134653238353064396534323562336436643034386165663136
61373637353465356237376133666561633164633962653663333539313161323833633063303261
36633561613366616234303265643531346236396132663639626163623563393233633431363932
38653864393033303864366331383164643937303935363461383966663366623362653163613235
38393833343936646535363263653935663963666532386538383533653732623137323461646364
32316535643133633932373439336234613236383231643137366261313332303963613862346635
34326530313761356139396539396432313133643963613635303365323962386530643934303064
39303566303939396134656666393536623965663535323131663961373362396433393733313662
38646339343962336561363534383863383034383737316333393433343566656530636333333764
31323366393462373636643034373033653364663836393239316539343539366262383863646335
38343037386134353165346331333632613836616662333136313234303431393335633130376561
33656662653366616530356566643430643034613062616332653065323130363638666638623966
62343561333438656164363465336264363861353164356362316538346234643238623263366633
63393861313062336131356439663136396336393962343164303038633330613530303563363465
62663038663765613365303363616435333232383364663233306666383037643066323261386266
61313639613435666135666466613662313461343932626630316638333533613763663366626238
36386634303762616563643764323561633539656536663962336533393837633733333735363963
65653366353230623632336364366463363961616239323965626235623534663464333532353037
31643766333236646335366562333662633265373632323835663135333439663839383136343439
64336461376132353263663834666464633933633662643133386164393236623266303137393538
33343537353031306436303265356463336136323330646638366434383366626131393234303135
32613232656539383463323734666266636665396561313562666162336363373031623065326165
63346436383232333338366230323238336638316362613865303337636662626266336663303631
61633633656238663536646365316163386236303935346264613864333431306461353965626163
37616637343130386532653639396338373034356539623463303362366534663237613865393765
35333335663262656562636437366162336631366636316632643665376564353638343461356530
33313761313438653064316539653764373864396534323534326264663634306665656162626334
62393235313437613034343537373434373636666131353964316231346364656162653165326636
32353638386164333863636330343563643539376536656133363463643937643435353937626461
66633335396534643362316466656665623635326434326538383533363633316336323532663566
61363437666366313262666131343639373538363466343138313339643334373230363162333430
30333065633561386630613361353162316463633865636236653066363837333035343832323037
35636137633336333230643434306237303937663663613132396234633538386432386439353537
6330363730373735616263346335356661386238633239336333
