$ANSIBLE_VAULT;1.1;AES256
65623963326237373231636133393362643636303432623830336434303039323063376433323966
6566663833393034656139306463663364666666383362360a373430336134633561393433306264
37626566366136363334303861373034326632656439323935643861363936616234373136393439
3433343866616130300a663564643039653764313262396636666430313538613061653062616361
66316230336330316532613939643536306635653565663533313932353662666333366165336562
32366238643261656133343566333335346364616565383566376137333932353063346165333538
34653132386662383231363936393838316266613838626564616666326661386534333366383561
64383361643530666462306366366134383237616534656434323634643839376639643561353161
62616164643862353930353932366465323461373464343037633165373566333538316639363037
34643134343739373733373933656231333366626339323464643063343564643561386262313038
63626361633532653933636261336132326566636139616565323230626562376335363833353533
34383538386137306139396538376366376361633939633066643765356230666464623138663738
39366565623932326634396266646133333935623661653034393463633930616265326166636231
64633565643263373434336638633338383034386361653835363634663632386637326538306633
383664666639646532626239633832663731
